4
4
4
4
2
2
2
2
2
2
3
3
2
2
3
3
2
2
3
3
2
2
1
5
5
9
9
4
4
6
6
6
6
6
6
6
6
6
7
2
2
2
2
2
2
2
2
2
2
2
2
2
2
2
2
2
2
2
2
2
2
4
4
4
2
2
2
2
3
3
3
5
2
2
2
2
2
2
0
0
5
5
1
1
0
0
4
6
6
6
6
6
6
7
7
4
4
6
6
6
6
6
4
6
6
6
6
7
8
8
8
4
4
5
5
0
0
0
0
0
0
0
0
0
0
0
0
9
9
0
0
0
0
0
0
7
7
5
5
9
9
9
9
9
9
9
9
9
9
9
9
9
5
5
5
9
9
7
7
9
9
9
7
9
9
2
2
2
2
2
2
1
4
4
4
4
3
2
2
0
0
3
3
2
2
3
3
2
2
2
2
0
0
0
0
3
3
4
4
3
3
3
3
2
2
4
4
4
5
5
3
3
3
3
2
2
3
3
3
3
3
3
3
3
2
2
0
0
0
0
0
0
1
1
0
0
0
0
4
6
6
6
6
6
6
6
6
6
6
7
4
4
6
6
6
6
6
6
6
6
6
6
6
6
6
6
4
4
6
6
6
6
6
6
6
6
6
7
7
